-1.094884744006005661e+00
-7.050991200041453744e-02
9.583399747169309979e-01
9.207113138610927283e-01
8.077073073127237768e-01
1.165934143216224239e+00
4.172515644955164249e-01
6.933546411830019407e-01
3.970777337936373108e-01
1.004366161490540588e+00
1.099801321268771392e+00
1.174844496083361278e+00
2.126203371190041658e+00
4.955936759032039118e-01
7.503272527855798790e-01
6.591821001929460966e-01
1.052049396483308863e+00
9.695470151365498390e-01
1.185677836077423608e+00
6.311646011291333069e-01
2.158573176355191858e-01
5.923920906669886133e-01
4.660885133866674024e-01
6.422862233478247029e-01
3.960569050825574200e-01
8.671555707228131155e-03
2.619618188426343641e-01
-1.363188576720317235e-01
-8.321769320730663111e-01
-6.337063043206425661e-01
-2.817660025789316958e-01
-9.276837809442626259e-01
-6.819793925000274815e-01
-8.942795276593545895e-01
-5.885482095127008151e-01
-1.977925148418698154e+00
-1.309954048579273111e+00
-1.072777876241849171e+00
-1.440230263310974923e+00
-3.766056719332796510e-01
-5.361083601178902036e-01
1.249094264341403804e-01
-4.327532821944963248e-01
-8.011128466037293894e-01
-4.780128635327085540e-01
-3.414273149898545689e-01
-2.784273309860576529e-01
2.794512917540746266e-01
2.597575780510226195e-01
-6.703270153834586242e-01
-6.137237536345982632e-03
5.737021856407038822e-02
-2.522152095767552504e-01
2.658884827692986619e-01
4.722747276034082176e-01
5.037629037932453979e-01
5.400658836709738564e-01
8.193333846389139197e-01
1.346448196833870403e+00
7.382694088401335897e-01
1.707091329706967198e+00
1.074506203962717121e+00
7.927465826237676261e-01
1.546045060918287639e+00
8.198997416150292095e-01
1.252971729008135249e+00
1.247559859722205289e+00
-4.687397260505936636e-01
8.314936378619958157e-01
4.212684100268622722e-01
1.030924686896455666e+00
-2.981571552760309274e-02
1.209371237885583095e-01
3.565940315581239695e-01
8.536879070464304942e-01
-7.565968977863921086e-02
-5.276589916150023485e-02
-4.412917894666135710e-01
3.041586155451799778e-01
-8.776137477847980595e-01
-3.442566692881069423e-01
-5.293098358175766238e-01
-8.971311393451253391e-01
-1.067437063485953574e+00
-7.893489930476633720e-01
-8.474567237173997736e-01
-5.325434105874864432e-01
-1.253993592543927837e+00
-1.202300263276921743e+00
-1.282934866329386914e+00
-7.458295644000686453e-01
-7.117608824441734594e-01
-1.699904414367251926e+00
-5.218293810151705125e-01
8.117659824559297910e-02
6.513895840577477170e-02
-9.679138760070331582e-01
7.802668915429800123e-03
-2.407586176743589101e-01
1.914136332103418547e-01
-2.239837325586890512e-02
2.996627050279095927e-01
5.479511672046293302e-01
-4.989984196726600096e-01
9.135798788932744108e-01
4.609872560409762343e-01
9.741504068759313517e-01
1.309100880792408272e+00
1.153551400181098474e+00
1.193967697284193941e+00
1.221502278626406035e+00
3.555239002555992123e-01
1.458574172531043267e+00
8.931636162433755910e-01
5.396267216408972001e-01
8.173674674638943261e-01
9.411771693557101637e-01
3.439592212073299127e-01
1.223942750310735850e+00
1.341531842686900511e+00
4.736162013854428032e-01
3.082515022828624662e-01
4.850074078799629929e-01
-7.263187099688178661e-03
2.081806229606562031e-01
2.466744090096248121e-01
4.327811093063614889e-01
-1.529984146490575014e+00
4.210238695538903730e-02
-6.200279095369136684e-01
-3.637921633556038259e-01
-5.867690179914435422e-01
-9.584614270547279213e-01
-1.187186437938159145e+00
-9.144916627067133374e-01
-1.269367468033342661e+00
-2.879023302731849032e-01
-1.368218732891380185e+00
-1.165947252355710395e+00
-1.754500585729402928e+00
-1.190194263368816285e+00
-1.400420316964120948e+00
-6.760791386179170193e-01
-4.324217518226722845e-01
-7.761186904497937578e-01
-3.659352413942478233e-01
-1.420496104705403217e-01
-8.123541469990056552e-01
-1.401410374618759502e-01
-2.966227941042140492e-01
1.641381100443360386e-01
1.699997467464504641e-01
4.910677144883741629e-01
1.048321449616812728e+00
4.267326864268968789e-01
3.937075943910994802e-01
2.026770012105916230e-01
8.868447891341685319e-01
8.677503022791233089e-01
8.811615546898969864e-01
3.311161660503318949e-01
1.055715983606461794e+00
6.713898052149789297e-01
1.511972750870545612e+00
5.711014324663374886e-01
1.704950265971550527e+00
8.959705778760848061e-01
1.549779706832338011e+00
1.302766579826710291e+00
2.861596916455843576e-01
8.563319800054647324e-03
2.634500943500240888e-01
1.890812451451965859e-01
3.028399444592113077e-01
1.356840494193304991e+00
9.553830090788025670e-03
2.303008303313194560e-01
7.252980837692707405e-02
1.241154728120835160e-01
-8.694311676333099648e-02
-1.586737886335003456e-01
-5.105131598389553993e-01
-7.588297620132571364e-01
-1.409600689740021506e+00
-1.230916971577801888e+00
-1.353907403316171543e+00
-6.057329394776995724e-01
-8.789285878602094426e-01
-1.590289592148510067e+00
-9.360441536176423716e-01
-5.512770714314951803e-01
-9.677487179448382992e-01
-6.801051871833655449e-01
-1.193590392772031050e+00
-1.191189697738723741e+00
-6.362703880095816888e-01
-8.684306584117313932e-01
-5.239374854479129651e-01
-1.292771632237076362e-01
-1.366470887872641704e-01
1.399629443942496942e-01
3.703313594414819332e-01
2.148714593265594053e-01
1.137792958726310699e+00
5.223288287188829759e-01
1.180267787202406549e+00
-5.514495511224803970e-02
9.236726824951293491e-01
1.266143692964669887e+00
8.364207903454281556e-01
3.917305077921680034e-01
1.125513277267081502e+00
7.296546808106298965e-01
5.234923684116237208e-01
1.502349681588870167e+00
1.488360260710750005e+00
3.300866401094899594e-01
4.662448364640675025e-01
-6.246217785243557419e-02
1.008976255292663549e+00
1.358490807427294333e+00
-1.134625742090193956e-01
2.189153315418695123e-01
7.579018240159980380e-01
-3.495072467407051020e-01
1.923842909168547166e-01
1.569815011153162521e-01
-9.719568570572432176e-01
-2.775385574238425912e-02
-1.671019092436669129e-01
-6.391440114873710998e-01
-1.238392321272042240e+00
-4.449655114899990771e-01
-1.468412119673260907e+00
-9.322411278204688623e-01
-3.021543988359755017e-01
-6.272549459878141720e-01
-8.417138026642856374e-01
-8.975229976767969964e-01
-9.280618741546265982e-01
-8.941433102595284232e-01
-1.433973914275403549e+00
-7.246923692096383096e-01
-1.268787459961999264e+00
-4.374976020809413502e-01
-6.312728263129860906e-01
-5.636955994347745413e-01
-2.144080030024969608e-02
-6.022301424146265791e-01
3.689730201311089419e-01
3.984664540105248842e-01
5.342707976077680776e-01
3.151804545852757156e-01
1.926772356140868392e-01
8.899471204131466084e-01
1.343081088949212631e+00
9.027342499857508029e-01
5.702806139559108978e-01
5.545100651185723706e-01
1.200752899377340199e+00
1.046781364367853850e+00
8.466881435432799252e-01
9.259277166835937489e-01
3.631502214495446745e-01
1.750304454945434740e+00
6.239159677899752676e-01
7.403208569426052987e-01
5.115585932942239289e-01
3.663414850905852838e-01
7.034992850145502796e-01
5.689063483100103014e-01
4.822899757694218414e-01
8.990948730709524828e-02
5.197473645167390854e-01
4.641381710595130494e-01
6.084016402302083737e-01
-1.877712179965323469e-01
2.334782854166323751e-01
-3.571598785449887070e-01
-5.268932837667225089e-01
-1.047348600560692677e+00
-1.375440963386854731e-01
-1.183458579708353220e+00
-3.430623883629074777e-01
-9.189658812826352330e-01
-8.917623608708303840e-01
-1.227590648859690603e+00
-1.698771460323702298e+00
-6.337026499640414645e-01
-5.297211552272929058e-01
-7.256619614363775117e-01
-6.161750712326239388e-01
-1.019625985363801668e+00
-2.136576267062974210e+00
-8.889049756117013423e-01
-8.485541223110617537e-01
2.439787281319605872e-01
-1.245455687281672219e+00
-2.975725022559863042e-01
9.450922010868659240e-02
-2.381894859358461847e-01
-1.193784378955276282e-01
5.423118576161647386e-01
-2.116808100867435538e-01
1.598184819774067789e-01
4.090521973165586189e-01
3.247977922375838711e-01
5.388357904257716768e-01
1.398596613690229695e+00
1.308763745613934493e+00
8.524152070498353106e-01
9.045780591321713748e-01
6.621389093179055330e-01
1.274738830516751298e+00
1.407992624120986136e+00
5.439207602112805517e-01
5.413824601501194822e-01
7.784924661952777880e-01
4.316442538727083278e-01
1.469693136064586181e+00
6.286026181022524861e-01
1.420043103554510688e+00
7.728560775137425232e-01
3.001081531011846604e-01
2.315244097792319433e-01
-1.668337191449422996e-01
-1.435862880360183613e-03
4.379612355912214650e-01
4.703458601715523324e-01
-1.084028228585659726e+00
-6.530702483620423049e-01
-7.143722722304634010e-01
-9.275189679072260995e-01
-8.239533461201282716e-01
-1.091915994864952166e+00
-9.880367431576718706e-01
-1.047977357844416701e+00
-1.275371751670664855e+00
-2.193526132995191613e-01
-1.724893061876058731e+00
-4.442401297801640281e-01
-1.387677544025147647e+00
-3.528330386263976437e-01
-6.527139018748731036e-01
-7.760741732307666618e-01
-6.776321910235261203e-01
-2.762169437454823906e-01
2.637485972829444192e-01
-1.719561740894154644e-01
2.876534079607862004e-01
1.071770962948916245e-01
3.642131713567599016e-01
5.164155535362527916e-01
5.318871136633821495e-01
3.582999628288942029e-01
1.008239076423935732e+00
3.641799276119873086e-01
7.916107096167673829e-01
3.245227793125531335e-01
1.191724348876119999e+00
1.395384783960822439e+00
1.187705400837272496e+00
7.889718926583635383e-01
8.496653642833714715e-01
1.446249205109773950e+00
8.720170888940586007e-01
1.193690048685110527e+00
6.785522967771648872e-01
8.454952963540400823e-01
7.564460716824576991e-01
2.316200512793183952e-01
9.957176413784212254e-01
4.799537559625742800e-01
1.880259248863954957e-01
-2.444995735761250899e-01
1.567342656115099098e-01
-2.520153501487981673e-02
-7.599438944463908774e-01
-4.956110241453426379e-02
-6.043999554369292593e-01
-1.681133707314790282e-01
-3.730433688861128916e-01
-1.514695697631603943e+00
-4.659883364050448340e-01
-3.831264229114844655e-01
-1.063815727447115167e+00
-1.296258913710104821e+00
-1.242918044839537384e+00
-6.613824196462210203e-01
-7.232677040888229048e-01
-1.623214869560806850e+00
-7.322263656031479107e-01
-1.073183572799708330e+00
-9.417284756775081700e-01
-7.006329147453519424e-01
-9.744851985201756772e-01
4.528116059441611996e-01
-8.873634494218555213e-01
-3.731323055849560255e-01
-6.792763109367133678e-03
-2.408040582086508341e-01
2.624787289763967912e-01
4.850021611433165680e-01
3.678754539712989491e-01
9.793223627901134209e-01
2.309020272943445584e-01
9.187941186760750778e-01
8.889217989938138498e-01
1.512709017890737417e+00
1.200353449612539425e+00
5.324744943900214800e-01
1.233777448453772241e+00
1.084898539559997266e+00
4.633155900452859965e-01
1.050245934247095780e+00
1.248188821199905263e+00
1.232629113924778919e+00
1.048680056399064142e+00
6.650105808240699412e-01
4.021599791294308557e-01
6.626282063042813197e-01
1.913366820867613560e-01
1.511993401180038721e-01
-1.344233873057172346e-01
-1.428648533978418844e-02
3.688126532997104134e-01
-2.001310852130483431e-01
-3.273440654916107695e-01
-6.240568895772591329e-01
-2.212109847976638788e-01
-4.882560715821401276e-01
-5.398590111021253080e-01
-1.014951625247653588e+00
-2.849629129565581787e-01
-3.964829954532490541e-01
-1.427333321973596192e-01
-1.530091281412064408e+00
-8.189160424090631274e-01
-7.808098330122417163e-01
-7.524409531338589474e-01
-9.732009868261359831e-01
-1.477984475498038686e+00
-1.131129564321919245e+00
-9.613448008134259926e-01
-1.267402944473035475e+00
-2.373157542760794825e-01
-7.350997605354354647e-01
-4.424675662808688070e-01
2.167299052046297858e-01
5.364752806005710362e-01
-4.378366661449439867e-01
1.987693752811089398e-01
-2.873925979871335690e-01
2.108298853848383225e-01
6.251967937298257283e-01
3.429542258560979162e-01
7.176678599894138477e-01
3.501763134781028519e-01
8.175019449950150507e-01
9.518541785850127557e-01
1.230127150758941301e+00
1.625820081447615806e+00
7.767870634498119653e-01
5.606134689582404906e-01
1.327807990719865217e+00
1.543819481159718787e+00
6.595847552860513163e-01
9.087543645224692712e-01
3.138118319237311327e-01
1.798725336610427217e-01
4.328865941056602162e-01
8.028708008969407395e-01
4.869443149520466529e-01
-1.515885670385483663e-01
-1.158779259867031841e-01
-3.689914022960766316e-01
-3.776434926993239571e-01
-3.758646547504433943e-01
-6.318784590065984474e-01
-4.383020970129101745e-01
-9.084092153020181248e-01
-1.073018030937287648e+00
-1.184961621168202139e+00
-9.256424914289851369e-01
-3.129603473855511186e-01
-9.217936608845300750e-01
-8.214013911557696002e-01
-1.015188116921162509e+00
-1.153935367515556587e+00
2.896776998226691102e-02
-5.845789365883538036e-01
-9.459767610975517993e-01
1.557264627843338856e-01
-9.441866481244206577e-01
-4.385567373734371444e-01
-1.516559527340491043e+00
-4.836410270693159430e-01
3.475840398327839642e-02
5.554047064231796282e-01
2.844037415889778542e-01
-2.472511499946472568e-02
7.081851129900800235e-01
-3.826848690503085737e-01
4.111584717073136219e-01
1.097686903581070461e-01
2.317076273869028702e-01
8.326915640593575141e-01
7.074250536321664562e-01
1.210405687373714567e+00
8.019483294915177307e-01
1.202561861647664987e+00
6.014535008685431006e-01
1.354204839929666004e+00
1.057422643853632493e+00
1.511060690044935262e+00
8.978667569371120427e-01
8.989925275478833910e-01
5.950375956013737033e-01
1.624192030966699507e+00
1.034370484090942011e+00
6.539320385666462787e-01
1.305823115481009600e-01
1.469015895782234959e-01
2.801585053532761327e-01
-5.122178564004262191e-02
-2.450649263956487245e-01
-2.580069563479805983e-01
3.164938795337846611e-01
-9.965503292075033048e-01
-5.564293835057892990e-01
-7.797776340683582053e-02
-1.365581954286715582e+00
-7.237197318824040160e-01
-4.351643131837995560e-01
-5.793557725153933857e-01
-5.003145019616195288e-02
-1.487220375819897855e+00
-1.408120162896016492e+00
-8.810724011539099454e-01
-1.361703989107295065e+00
-5.138056113612219367e-01
-1.472760191788286210e+00
-8.215817803358883564e-01
-5.887315847226686216e-01
-7.831110894944478540e-01
-1.463765412189334536e-01
-1.692730568361395238e-01
-4.572941700722748526e-01
-2.479930956950115173e-01
3.271898649273358162e-01
5.725405191174814945e-01
-6.407540255475852042e-02
7.851403258220106540e-01
-7.600618900553468560e-02
5.121136224928447556e-01
1.125235503950424709e+00
5.523884836435827284e-01
6.457418953543117013e-01
1.632431084661443821e+00
7.893718036383375880e-01
9.743275940501364696e-01
7.321926610337563535e-01
1.058880516766094404e+00
1.557725404150773540e+00
1.696400479115622861e+00
5.186186405059858284e-01
6.885217108488544957e-01
4.773811128643085100e-01
8.129893043743952052e-01
-2.030531600460386832e-01
6.482198847549970333e-01
3.766176060620899935e-01
6.241960594700636245e-01
1.129218957355255570e+00
-4.287558264231218219e-01
2.146927843824867344e-01
6.556611697089272939e-01
-2.865703765198018838e-02
-4.741649405696935493e-01
-7.316783735714088577e-02
-6.288698124744662721e-01
-7.920954848918040359e-01
-7.065054061180106038e-01
-1.103604577392345298e+00
-9.810838777311134962e-01
-1.513587833405731331e+00
-2.769849058863760316e-02
-1.408941290748661146e+00
-6.272728316935346493e-01
-5.709848112342266191e-01
-9.441439992175562068e-01
-4.836822774247712675e-01
-1.105959253338852033e+00
-1.156307545818036298e+00
-3.668176954324856021e-01
-4.266549038722202702e-01
-9.862383941163861412e-01
1.387150321966093558e-01
-6.681474988563894657e-01
-1.225511626725044045e-01
5.635564234586449839e-01
3.597768316393842869e-02
4.333463118854284923e-01
1.571519212117087894e-01
6.736019005940268034e-01
8.603258079161981708e-01
6.020158925237107939e-01
7.398959388521192393e-01
8.518378225375152768e-01
8.736280039856818558e-01
1.724381434915930544e+00
1.384248192650153308e+00
5.887854271297681130e-01
9.008018428037330994e-01
1.505470785358128172e+00
5.986358669296811819e-01
9.534861212920725526e-01
8.098262492431611559e-01
1.137638376144806562e+00
-5.565041651321381844e-01
2.768283166697108055e-01
1.075788444846652592e-01
8.474029494364416770e-01
1.959109283366944898e-01
5.007944614392350058e-01
5.794327532268418457e-01
2.020089419945098608e-01
8.260542825392788724e-02
-1.087374666908444087e+00
-4.000271453438908331e-01
-6.529346379655869281e-01
-1.159750922403379514e+00
-1.523722300991180223e+00
-1.369355041230762460e+00
-1.094511364655720964e+00
-9.533002389882365701e-01
-8.983174449582684851e-01
-8.195040173320617960e-01
-6.132403970107060953e-01
-1.052367511146169887e+00
-1.213211427847995738e+00
-9.769962653689274745e-01
-1.324680922116264759e+00
-5.335117297193026076e-01
-7.710698472697343764e-01
-7.428501137616632111e-01
-3.150845611473840346e-01
-6.601367816347790685e-01
-8.713427178785455585e-01
2.350113964995450555e-01
7.883258739237122281e-01
2.459331141205167715e-01
6.415182662657069601e-01
9.032831999527168865e-01
1.527288580002398533e+00
8.678493625611445328e-01
6.566637434683822994e-01
7.821436115410549395e-01
1.077210178505336513e+00
1.126408074701063189e+00
4.612418086498496494e-01
6.003836642736041229e-01
1.617052189126367168e+00
4.625576048005164420e-01
7.053683176093721308e-01
1.159617608328184390e+00
2.818904612059187631e-01
5.152503154693843790e-01
5.460156037484936720e-01
3.080812664485395036e-01
7.821145079820726043e-01
1.168306830807525287e+00
1.263674001965188476e-01
5.423583755665626338e-01
4.877795622072425563e-02
4.873119255390085947e-01
-1.370091397524965393e-02
-1.200693235567757700e-01
-7.013650102453420354e-01
-6.001362723688560274e-01
-9.613639762606556172e-01
-4.178107550367449741e-01
-7.917901483231232218e-01
-1.059756732950349223e+00
-1.670889709145915836e+00
-7.219532557573233866e-01
-1.722125388602405049e+00
-1.269940530797580180e+00
-8.801217302320583080e-01
-1.406614051310373537e+00
-5.189455886984972732e-01
-2.835576572413116558e-01
-9.231476581472360943e-01
-2.388252591343271725e-01
-7.588875720617809240e-01
-1.089270759650215137e+00
-3.537525588627173923e-01
-5.497888121799207051e-01
-5.696182838396965931e-01
5.877348903455972828e-02
-1.823451781594165599e-01
2.601482996229700917e-02
4.186563450350800908e-01
5.656692791979858193e-01
-3.424219308333392719e-01
6.808136361782221035e-01
-5.308577914840467704e-01
8.588458191493052452e-01
4.418838420147759294e-01
5.274337413821572618e-01
5.260489883599338556e-01
1.104804723246516129e+00
5.291872641863074600e-01
8.097281483815517156e-01
1.149322140218525412e+00
8.984433063518859619e-01
1.070041655670179281e+00
1.486499875186428454e+00
8.344577851295066351e-01
9.155831448738744882e-01
-8.391362012389880221e-03
1.295433071548088400e+00
5.410009777582414081e-01
4.771640688271584496e-01
9.776109967512084387e-01
-1.401381721258228019e-01
-2.224184174215649012e-01
-3.363673748500689564e-02
-3.285922369316484071e-01
-4.048863635126208060e-01
-1.139597345250910276e+00
-1.829799336901223761e+00
-1.036172477358221267e+00
-5.681470194930793305e-02
-6.138029660856014758e-01
-9.700824503181060265e-01
-1.361267942290100397e+00
-5.098510656435359945e-01
-3.914178582059213429e-02
-1.932891377075400374e+00
-1.266857925354435643e+00
-9.908492940459306952e-01
-1.478566641357787148e+00
-2.970467042288331694e-01
-7.102646928792202274e-01
-1.874076271733428611e-01
-1.522326082422019722e-01
-4.597159019821571713e-01
-9.018349926813060691e-01
-2.436026505945822485e-01
5.203398741519751347e-01
-5.619852643327923891e-01
7.705681391441188133e-01
4.252463147253686682e-01
6.028931216644859425e-01
3.889455037106148705e-01
8.311391768350179232e-01
1.316784278020207477e+00
-9.597035581993429432e-02
1.394079022476047092e+00
1.139006115889396265e+00
1.240470549092663299e+00
8.127955433040023880e-01
1.508463731652952333e+00
8.876749351770525376e-01
1.798999993258362240e+00
3.265728192777078709e-01
8.555378761989409497e-01
1.642422981896072276e-01
8.376335522479206874e-01
-1.275926727101160951e-01
1.718905383893488681e-01
8.487413176958746863e-02
-1.439757584689888015e-01
7.652390136790701014e-01
-1.873422212133301623e-01
-2.216538782876673608e-01
-7.471474310410038955e-01
-4.130239061654043531e-01
-4.035295524645156062e-01
-2.086818945450787943e-01
-8.831716920903326384e-01
-3.568626193687922665e-01
-9.032512990828736044e-01
-6.027640582700766192e-01
-4.351660216354635846e-02
-4.472643497344541696e-01
-9.565335782663306752e-01
-1.034466987963730045e+00
-3.872976016654421372e-01
-9.661837801212120880e-01
-1.838525520380663636e+00
-1.140073405953007990e+00
-7.861677606165254906e-01
-3.262888079033958166e-01
-6.764840531864815265e-01
-5.739708592884680272e-01
-4.259600360203839586e-01
-4.811622240270115869e-01
-3.427654279912973889e-01
-4.689054651708652321e-01
5.013284691765700352e-01
4.540320619534390367e-01
3.428408743077473453e-01
5.766569411269004686e-01
8.326988952791604115e-01
9.861312693902397619e-01
4.570898063376417908e-01
1.379713611598652800e+00
3.458066259734474679e-01
1.035812736733277450e+00
8.984465843847986299e-01
9.082986855311724339e-01
1.241170280965297801e+00
9.524038794543683295e-01
5.827900129471490498e-01
1.706816711686427013e+00
4.058296538351776617e-01
8.532249454671203548e-01
6.616781539856479988e-01
8.178942925766004013e-01
8.827789065063036400e-01
2.526695292003595661e-01
8.289719679213222725e-02
-3.832864365168235921e-01
1.087017746489841868e-01
4.256056577208577330e-01
-9.593366703855998878e-02
-3.030508316722063111e-01
-1.186289705024867747e-01
-9.265633164470330474e-01
-9.894990486266225238e-01
-1.000871714146902125e+00
-1.439708109919664247e+00
-2.499747026937972905e-01
-1.091276700813831990e+00
-8.839920263086920027e-01
-9.723566702326879030e-01
-8.852940301722077576e-01
-1.033323407339988620e+00
-6.165768717580576430e-01
-8.424106286831190005e-01
-3.827109841289748071e-01
-5.014711414303673065e-01
-7.259450973025619591e-01
-5.178180868422705974e-01
1.030209086329419987e-01
6.539995852078089866e-02
-1.622950148948310023e-02
-3.195786075672422122e-01
6.983532011832774833e-01
2.238146314564917749e-02
6.155324937272893537e-01
5.920117482262386988e-01
-4.470407963045761046e-01
2.735926099821144319e-01
1.003113531815485349e+00
9.873437639217224060e-01
8.180149026678789070e-01
1.421031699687513639e+00
1.925668388754301574e+00
1.103795583588612406e+00
7.199986507752236253e-01
7.980272545403797047e-01
1.082827772069245187e+00
1.000274087077879237e+00
1.997629081793228289e+00
-3.197746722791527940e-02
3.276060199182765365e-01
1.058201920147718855e+00
4.425913662246281355e-01
-2.068895707098655778e-01
7.551457379631922873e-01
5.759903282418940007e-01
3.204360166454673919e-01
1.482256087471388151e+00
7.360747618138821502e-02
-2.449886972696999066e-01
-6.854820502298871743e-01
-2.680610872824874535e-01
-2.640097853260656713e-01
-1.608607579691999412e+00
-8.429891883803075636e-01
-7.073177856673495967e-01
-7.682833009444537398e-01
-7.561470585103902131e-01
-1.164145116736712948e+00
-1.580707260831911931e+00
-1.009411524288282180e+00
-5.685893665683037224e-01
-9.263289372782115283e-01
-1.244374845436010624e+00
-7.750981171630757505e-01
-1.040301384068715418e+00
-8.337822230224819497e-01
-6.252789227510502368e-01
-1.754116412005749526e-01
5.529817326672353817e-01
-3.438161893832544225e-01
-5.531962272485639598e-02
-1.476853598153729519e-01
4.352295038558418594e-01
6.634746629333720946e-01
3.513898945764344917e-01
2.907366438337911085e-01
5.077482623488798197e-01
6.082645046375647624e-01
1.454721596024128871e+00
1.667004196802466920e+00
4.952863335196950878e-01
1.222438159406108671e+00
4.277049397864968183e-01
8.319176410144268896e-01
4.895139379318925732e-01
1.069974874822371191e+00
1.002871576500923734e+00
1.665222605953792012e+00
5.563085559055371832e-01
6.814949075923258937e-01
5.809744051331245940e-01
1.698919525090688554e-01
5.029914990285324627e-01
5.873189836707058964e-01
2.813318230132344500e-01
5.892816592933119990e-01
-5.463405012895956592e-01
-3.889181055814983079e-01
-4.417457797348408599e-01
-4.510985160754568679e-01
-4.238555229823828263e-01
-1.343219025175364845e+00
-3.367551532743673359e-02
-1.269874402720586826e+00
-9.192858092550941773e-01
-7.574420824677048358e-01
-1.343884934214104376e+00
-3.859046171074699272e-01
-3.335500749613802274e-01
-1.261535868028529572e+00
-9.966854355695204948e-01
-1.097432417434407226e+00
-4.308490840862708171e-01
-9.618523678002185440e-01
-6.606331736651549491e-02
-1.471342646672301191e+00
1.733132776578825140e-01
-6.128057247321587742e-01
-5.980990584047951586e-01
-7.694152344269653554e-01
-1.160031212043360904e+00
2.774001291669337399e-01
2.771137589825865832e-02
6.516191031669593681e-01
5.005846269270080029e-01
7.958618412102712592e-01
4.642469026451324643e-01
7.497088104541679288e-01
1.233569157910622938e+00
9.101750505373795708e-01
6.122163568421676860e-01
6.037089742978360984e-01
1.267466928603896426e+00
8.528455969999879649e-01
1.777635877490639560e+00
6.358388028237855760e-01
7.913099567523156352e-01
1.041255711651840832e+00
7.085167209239443542e-01
1.777252343038555615e+00
2.272733354778122550e-01
8.476844160503331782e-01
1.088936120740958913e+00
2.541340840699041204e-02
2.700566094130039674e-01
3.487998992741969673e-02
8.711090065413289174e-02
-4.857831212127302067e-01
-5.038322902667177194e-01
-6.170233920628109825e-01
-6.731070537137763266e-01
-1.103135581737688664e+00
-7.360163730182847086e-01
-8.536277089101881321e-01
-1.034419826356339778e+00
-1.167875231271234604e+00
-1.256789815329089288e+00
-1.094407624111524591e+00
-1.023170510603145900e+00
-1.651497189653589936e+00
-1.110062315951590550e+00
-6.953844295011986087e-01
-1.226909172216164023e+00
-7.130571343745696344e-01
-1.072220038490167227e+00
-5.914587413565687291e-01
-4.055947380058322338e-03
-2.081914193826711612e-02
-1.119789878013429885e+00
-3.473125625631703906e-01
-4.230635390192050149e-01
