1.898009923020114315e-02
1.812505316344510120e-01
2.608852878600125269e-01
-2.098282480248337967e-01
6.071120155243000527e-01
5.318672663055191707e-01
5.436700506530599553e-01
6.161984175507057016e-01
9.054579143372734062e-01
5.239708109139709080e-01
1.150611819435899408e+00
9.107424942562396541e-01
6.990841032793835286e-01
9.319604655225204315e-01
1.502763986271787866e+00
1.184726580447454714e+00
1.585670366543824095e+00
1.201236707455869412e+00
1.759423169627980288e+00
1.509717382592640433e+00
1.329538023296581883e+00
1.104156739082843064e+00
1.366223499672974739e+00
1.494137163422304626e+00
1.667594782372514794e+00
1.502298731802541365e+00
1.449051472952122888e+00
1.237792461993265869e+00
1.486262623864505139e+00
1.301021344783949818e+00
1.406359194492009079e+00
1.425741537114630253e+00
1.460571704943986138e+00
1.099406507351769591e+00
1.344414473533963372e+00
1.264782286119782384e+00
1.433843341282003081e+00
1.373463470836789435e+00
1.044947547433330737e+00
1.223914473682423010e+00
7.688879179710081946e-01
9.838707838535321049e-01
9.523208342588842523e-01
1.058712584181054295e+00
8.825217016217079546e-01
9.626333439937353464e-01
5.525115213555999993e-01
9.330057847807086135e-01
8.490604753396862048e-01
6.057266498800566445e-01
3.615127170209428975e-01
1.305489107529751447e-01
6.854873273914157128e-01
5.282035370437201394e-01
8.136849098760872145e-01
5.290501496085155964e-01
5.541414196587489682e-01
6.181260524246343646e-01
7.637076170893193350e-01
3.021465544035698558e-01
2.758883218462701015e-01
8.100803072314159969e-01
1.573880390458221590e-01
2.296278756483183803e-01
4.386241822799414325e-01
3.814635162588561612e-01
4.271039651780655921e-02
5.092354381877773895e-01
3.073023845896206141e-01
1.470527989281822934e-01
4.171701257440044164e-01
5.114168137070870257e-01
4.085700284996185983e-01
6.355660595635921339e-01
2.748854354604876038e-01
1.617079113302593019e-01
4.748942356779539131e-01
3.337672313424383530e-01
4.091713944181189500e-01
5.682315446969785633e-01
2.638313901288376062e-01
2.829398332240371516e-01
5.431143646788531010e-01
6.071626574808791643e-01
5.700578372186704268e-01
3.515231821512832533e-01
4.475983280592031321e-01
3.009876425159887514e-01
4.063527318607517702e-01
2.666239340217180787e-01
5.957044957420709608e-02
5.635796994073427602e-01
1.761715446000906293e-01
3.539027741877576183e-01
8.316409718241643545e-02
1.716287917043720357e-01
-1.788610060290322656e-01
3.192476758084528132e-01
2.086424221162076764e-01
-8.539893804122869470e-02
-1.077456491417073253e-02
-9.400015000152966982e-02
-2.120104296509596198e-01
2.595246057554288499e-01
-5.907894520481786760e-01
-3.428074090504172333e-01
-8.224650925190951645e-02
-7.744965131641440292e-02
-2.973060486485135656e-01
-6.373590008362604031e-01
-3.638956811565289828e-01
-1.287129702871721293e-01
7.638413986934028399e-02
-5.197488669121179683e-01
-1.576891822072941929e-01
-7.760643087131551265e-01
-7.564396321040898208e-01
-6.538658830284520551e-01
-1.565402192517853508e-01
-3.954052885681033636e-01
-3.110472104334640053e-01
-3.534297416609444853e-01
-5.471301615216942471e-01
-4.710273964824279180e-01
-4.845572019465610447e-01
-3.999264048556276929e-01
-5.579714959712952504e-01
-5.033590658903370763e-01
-6.557062031630103149e-01
-3.994717366102486511e-01
-3.580598278079232810e-01
-1.503230052750023082e-01
-4.983855516737095148e-01
-6.509050996733454220e-01
-7.881147925101310570e-01
-7.147292717870633583e-01
-1.879041194755485256e-01
-6.973053208809083525e-01
-5.696703950461888821e-01
-6.110531930715912274e-01
-3.649369882818947475e-01
-3.232208082537407767e-01
-6.336659952005301299e-01
-6.236840656915335623e-01
-4.446882664936530616e-01
-2.663488805618622335e-01
-5.958494600703927446e-01
-5.002622132836175295e-01
-6.285179667324610753e-01
-7.194976670688650877e-01
-7.193743502006139101e-01
-4.345119719377594780e-01
-1.089179176019003936e+00
-5.516089924295831670e-01
-1.004781620508210960e+00
-1.102146152070562213e+00
-6.659439828731582578e-01
-9.627638551784157839e-01
-8.598943190356772570e-01
-1.240474397897360692e+00
-8.369646138866461138e-01
-1.214226789423381581e+00
-1.522425797159498551e+00
-5.277006802800036089e-01
-1.301400776925105474e+00
-1.108851466908646444e+00
-1.514066564658357539e+00
-1.475633317186937576e+00
-1.401554545233048232e+00
-1.355585975248296826e+00
-9.995456068664816396e-01
-1.244978978895359134e+00
-1.197955769891019706e+00
-1.258344496255741962e+00
-1.660831169420082798e+00
-1.582092836158176974e+00
-1.734943432756209214e+00
-1.549484406135763770e+00
-1.199020545615382627e+00
-1.493774553564273688e+00
-1.414458710984108025e+00
-1.201825071033088221e+00
-1.320285905964242001e+00
-1.121771627771833701e+00
-1.388869451630769580e+00
-1.270325374654873052e+00
-1.128870106475972301e+00
-9.725010153298375704e-01
-9.644357732378437964e-01
-1.059242573491600670e+00
-1.083682469403260740e+00
-1.017766001654285768e+00
-5.241275591488333552e-01
-4.868468495818102371e-01
-6.759349056060152128e-01
-3.282338078102627343e-01
-5.193304683709472069e-01
-1.358929581147568788e-01
-1.592305158009183763e-01
-1.846749773310045750e-01
8.934749117215223801e-02
1.610855448535206680e-01
1.547140524570000952e-03
2.450799518717905467e-03
4.156126736639235708e-01
3.213864732830284954e-01
5.197814102936331171e-01
7.079405782765529898e-01
9.435580269331028669e-01
9.028942575451965880e-01
6.524709925574765368e-01
1.103402159132770732e+00
5.537488418420537517e-01
6.401407417317962478e-01
8.183861337132820601e-01
1.218367577611645602e+00
8.856504064428460943e-01
1.203932388803761411e+00
1.038686442557375411e+00
1.568445508005273048e+00
1.145935494087926054e+00
1.557420748884227102e+00
1.223139765073410379e+00
1.445011640792947860e+00
1.243067315326496836e+00
1.348144789881311256e+00
1.113867353498634749e+00
1.459973592102418394e+00
1.442849515230216983e+00
1.483461895620659110e+00
1.288688891712924001e+00
1.201085626229128511e+00
1.279503431645303557e+00
1.405485408981565154e+00
1.211992791977775319e+00
1.371470042601994788e+00
1.474195632774047970e+00
1.099029825113399639e+00
8.814289415008610407e-01
6.995805371055104915e-01
1.157541262665666926e+00
1.663755985822881645e+00
1.334162370097829786e+00
1.091881413936536704e+00
1.090740989437096298e+00
9.519615410774124875e-01
4.892701531861666231e-01
6.148924330151812612e-01
6.311076978738110466e-01
5.089792808490748444e-01
5.873475149527989103e-01
1.049731344358857843e+00
4.496431160021094331e-01
5.555487223782616946e-01
4.487043609024412572e-01
3.469769218038230019e-01
5.438278873110637957e-01
3.229638418371888475e-01
5.140668657005034170e-01
3.540231710864787384e-01
2.740854676806055434e-01
4.485009824567179892e-01
3.038936724280636992e-01
6.158428469867844868e-01
3.748832050000870941e-01
6.213106987547456495e-01
6.637994512951543857e-01
6.424088872214216428e-01
5.344142714618269618e-01
3.498242075646544880e-01
8.841212960361849449e-01
6.771265078322417086e-01
5.506494539299884305e-01
3.262912204849848785e-01
2.228332610391093871e-01
6.394048015416397002e-01
7.546494985473641837e-01
3.639170998738083807e-01
5.905173304676053503e-01
4.739323842297607503e-01
5.062792338275067250e-01
3.769843834661149584e-01
4.403846610652595306e-01
6.938906155242893226e-01
2.836467249038737148e-01
3.361508319928761535e-01
3.440361771095032939e-01
1.146428786213560258e-02
2.475881947859230325e-01
2.970086455571835371e-02
2.232467322992666703e-01
1.132319776072146511e-02
1.464819900469624681e-01
7.984162345432170849e-01
3.951557419802523285e-01
7.516023800311438796e-03
1.068712638221872707e-01
-5.035919930432233849e-02
-3.651402654910950174e-01
-2.474966946006591784e-01
5.835694531169366428e-02
-1.752524427411985275e-01
-2.110867147459495330e-01
-3.747963201900997854e-01
1.407932974707342411e-01
3.277964538184798826e-01
5.398730136850296568e-02
-2.653649224828286690e-01
-2.297413485248551712e-01
2.184329217239562859e-01
-1.849700054540255323e-01
-3.188936093103948988e-01
-2.810872785924901085e-01
-1.117177968827334777e-01
-3.314006748075764008e-01
-5.553801715862131116e-01
-5.034908161074524990e-01
-1.788612938238819394e-01
-8.270644239621750549e-01
-2.850020972056145352e-01
-2.275506245522759818e-01
-3.997502881200925007e-01
-3.805382799336573529e-01
-3.203823903000984075e-01
-4.327946874930168053e-01
-5.573433880285998399e-01
-3.445516004813354294e-01
-4.205793784561523974e-01
-3.301831435726350072e-01
-3.351415213491969469e-01
-7.876744018369972178e-01
-6.056651566295943034e-01
-4.177227883980350609e-01
-2.973181803376364618e-01
-5.724740797342633414e-01
-8.576203663887430606e-01
-2.812421856984349544e-01
-3.175990929574408761e-01
-4.937377155394235273e-01
-9.061375526081576481e-01
-5.160796121088951915e-01
-4.715362769231870588e-01
-2.952035265228319938e-01
-2.921038454348489077e-01
-6.225095932851781866e-01
-8.404910171504178518e-01
-5.037515385621615938e-01
-9.657160149797178184e-01
-4.063188926691067016e-01
-7.553690383893618687e-01
-8.641443749240962369e-01
-7.017488840718543175e-01
-7.639011180737940165e-01
-7.406537934452487315e-01
-7.031678761894937235e-01
-9.903560729427223208e-01
-8.219117582860578919e-01
-2.031275826713394572e-01
-1.326482771431200414e+00
-1.149216322613072494e+00
-1.154743526812762155e+00
-1.159077454965550480e+00
-6.958388948702165511e-01
-1.661619813037527260e+00
-1.200937696591265702e+00
-1.078586066496645568e+00
-1.617838865096514311e+00
-1.498158896201041701e+00
-9.835132506651125261e-01
-1.481317632605773982e+00
-1.398394862068665034e+00
-1.696087120674349968e+00
-1.386475372929661720e+00
-1.331615731841356620e+00
-1.175289701744178572e+00
-1.111668958116909467e+00
-1.707291526766078427e+00
-1.461513027319204294e+00
-1.560545811436970576e+00
-1.499623290168875300e+00
-1.986917192892412753e+00
-1.186277919630640554e+00
-9.458626285844855541e-01
-1.622798890287020290e+00
-1.295909136605586820e+00
-1.351476484587806226e+00
-1.020522347135395247e+00
-1.057284280803839849e+00
-1.062864840192825344e+00
-9.657491361482350989e-01
-8.162101601832272291e-01
-7.989738606995200332e-01
-5.901933883177926665e-01
-1.069334791551663555e+00
-6.266727695395580833e-01
-4.904736789345341963e-01
-4.163966804131306043e-01
-3.532585606446416726e-01
-4.237752530439127252e-01
3.283175872096280590e-01
-9.634133352019827456e-02
-1.367704322987745025e-01
1.130428854768539826e-01
2.496462100128488681e-01
2.995068801518532275e-01
5.217261670284416564e-01
4.654514214343974388e-01
6.007118626347548451e-01
4.795087429523623435e-01
8.550671587439785393e-01
1.049227000242267227e+00
9.833041361247445433e-01
9.369287619271178258e-01
1.046442350225201601e+00
8.116819013863512122e-01
1.247140919226340738e+00
1.081743540159950001e+00
1.292418386087606841e+00
1.680862767335306485e+00
1.124982394201103464e+00
1.566885963160485895e+00
1.618215846687552917e+00
1.545218086335870655e+00
1.580268983812231243e+00
1.464289771714555988e+00
9.594269698852786465e-01
1.345467512605793559e+00
1.210275084442709925e+00
8.653137431712848437e-01
1.368681327727530928e+00
1.345502278627902060e+00
1.177379360533822750e+00
1.413678308386268512e+00
1.417252807438891704e+00
1.201169263824290567e+00
1.383590224339229513e+00
1.029556031253009651e+00
9.762639415609501992e-01
9.862022357374803372e-01
1.148110307656242668e+00
1.043221796721151007e+00
1.219297167468481158e+00
1.246005438703900792e+00
7.911986072154949534e-01
9.475674166884167082e-01
8.686110577099207530e-01
8.338355516441903204e-01
5.317321195178289495e-01
1.022407301945748026e+00
8.631889085365898051e-01
7.276816527208277430e-01
4.677590520277970509e-01
6.044868799475628940e-01
7.095212677913368404e-01
4.866388371723137096e-01
4.867157921395269815e-01
3.819565291125986972e-01
5.769019047050246707e-01
2.482755295626896119e-01
5.483149959722855016e-01
5.819940675173955746e-01
5.780263819502180489e-01
9.751539213105286930e-02
4.933745203556313408e-01
5.779638307123560192e-01
7.801738433271205864e-01
3.018812972622685886e-01
3.810319395678047893e-01
4.922585064824813172e-01
5.277785783912305462e-01
2.787693254354977612e-01
4.127900317510500017e-01
1.439064717080612010e-01
6.351450520658558085e-01
4.821339369280160381e-01
3.605129248293679756e-01
4.739398362021789435e-01
4.580853984795558720e-01
4.804009902169363300e-01
4.921975666133233118e-01
6.027852808793338069e-01
6.637284998159778127e-01
2.157810946275484920e-01
2.224441588853368623e-01
2.569502160787389133e-01
1.287629211594513157e-01
1.856012575796775199e-01
2.458179777430199997e-01
5.273939490430097354e-01
6.689505709583307702e-01
2.828634730654739360e-01
3.177313966852235438e-01
-6.577526329762325985e-02
3.101425629389907845e-01
9.443797320540348039e-03
2.185512674506864816e-01
-1.960986758000979324e-01
1.035240829309323346e-01
7.438885970729934571e-02
-1.477777736602671199e-01
7.783726658889364436e-02
-7.843185526782356365e-04
3.070931413754944550e-02
3.849284065729836890e-02
-7.287320954497908398e-02
-2.638729146982635720e-01
-1.476990100464366518e-01
-3.215046945069648388e-01
-4.919130665896747079e-01
-5.875691796146742529e-01
-4.918756987656279778e-01
-2.677706119666348750e-01
-3.460479151990311641e-01
-6.412314185168428438e-01
-3.037218238789678448e-01
-2.893507205230757551e-01
-3.790153232740983147e-01
-6.955532230704490892e-01
-5.401950366813756954e-01
-2.583265768964627673e-01
-6.442891046427106083e-01
-4.561412484369009590e-01
-9.280940301030216055e-04
-5.609850720028425330e-01
-2.521749084086207793e-01
-2.506699444592981330e-01
-2.612375871513215042e-01
-3.694964031853206210e-01
-5.223862898620729167e-01
-2.513380012046487755e-01
-2.945054943850611284e-01
-7.439059987574777599e-01
-8.193383687693776007e-01
-3.019784605303187375e-01
-9.185927728984497609e-01
-5.524635143412246485e-01
-4.494597045771262511e-01
-5.859139809719486891e-01
-5.324146874747722746e-01
-3.968351900806490473e-01
-5.693041970763985660e-01
-7.550744270085585352e-01
-5.710656622227850976e-01
1.208823783998340673e-01
-4.776017857876580508e-01
-3.865684858937895596e-01
-4.388520504510170506e-01
-7.154789079537275942e-01
-8.951601253401311187e-01
-7.005682889833856342e-01
-7.167234237593902435e-01
-6.953589004815915464e-01
-8.333769608229149028e-01
-4.714815155760664900e-01
-6.677900907556680865e-01
-9.480990002966200869e-01
-5.645147394817880970e-01
-1.020248114746464818e+00
-8.338539069279078397e-01
-8.829285321757633920e-01
-1.068529662505786515e+00
-1.038998076435528661e+00
-1.049932083442147279e+00
-7.166549262439758650e-01
-9.367513067080580624e-01
-1.584314515645541599e+00
-9.984720781941565093e-01
-1.155789210861040139e+00
-1.056686116062026670e+00
-1.232034494711819139e+00
-1.166862022676985244e+00
-1.758280457181721657e+00
-1.997229139734501002e+00
-1.619361947836623017e+00
-1.346214792811124550e+00
-1.486363565821232635e+00
-1.549254744930656846e+00
-1.509822162471425866e+00
-1.481841472745196953e+00
-1.536504806107583665e+00
-1.410004439477012594e+00
-1.302593806716800584e+00
-1.475743619442156707e+00
-1.332621011546506473e+00
-9.773749680742720436e-01
-9.721627632768646832e-01
-1.206518000194628737e+00
-9.495831804796522890e-01
-1.028751628078889535e+00
-6.302636612383636372e-01
-9.481128261971417670e-01
-5.194978587467692366e-01
-1.101938251452442952e+00
-6.407884870979396741e-01
-5.930370665299742328e-01
-4.498644479829533305e-01
-2.198715008539860460e-01
-2.507109922373307875e-01
-1.539968684511712205e-01
-3.366941083802772461e-01
-2.155504215875873875e-01
3.281342950109082390e-01
-2.846341903085514158e-02
4.153186617250471668e-01
2.334070247430834744e-01
1.435394932257589851e-01
5.635880890589398673e-01
4.541343446732437616e-01
1.152841508086208000e+00
6.920562947258425135e-01
6.436824842558110937e-01
1.167512584913691809e+00
1.216007776358844827e+00
1.445908691497287180e+00
9.425849955767195976e-01
9.825311286763346308e-01
9.885281292609032766e-01
1.157292601633057805e+00
8.389423233580153294e-01
1.465064638987836787e+00
1.320406221592393070e+00
1.436193718487543070e+00
1.731274174255173826e+00
1.206354981048529673e+00
1.269296397541414656e+00
1.817074089697506611e+00
1.725894152818751248e+00
1.657162861995528313e+00
1.645604160448667308e+00
1.621724623070916138e+00
1.338470793240741807e+00
1.141694917243575302e+00
1.364057102330493709e+00
9.161968844805057355e-01
1.489032690389512581e+00
1.412007107540939721e+00
1.043141273245852485e+00
1.006395285647279536e+00
1.055407381404528833e+00
6.811328925563642223e-01
9.506530582380641192e-01
1.186139601526003950e+00
4.849036497981073501e-01
6.892207752239138951e-01
8.920316489671114013e-01
1.032980354687029312e+00
4.673754770057811925e-01
1.010731346907898676e+00
7.170772047023532547e-01
5.645776290413875298e-01
4.900290978220872562e-01
7.878440241685976675e-01
3.732550889596095711e-01
8.271317926780969998e-01
4.858530102564002084e-01
2.273147032345161911e-01
2.651436564095102644e-01
3.196507777875945422e-01
3.379583353055064521e-01
5.537328886829426811e-01
2.283539989475421861e-01
2.972806643652600167e-01
2.769146262674646586e-01
5.775605696314543014e-01
5.818591971009940966e-01
3.660814935980418738e-01
5.866485511828221089e-01
-2.818273304396790024e-02
5.589845375198072563e-01
3.244175654489253602e-01
4.685455494389866304e-01
6.821391758021468910e-01
1.861663648134355697e-01
6.462835895566302336e-01
5.065674687732807380e-01
4.751563461108785358e-01
4.112304833804955040e-01
6.871602020285398904e-01
5.344832465880964278e-01
6.764621799799916957e-01
3.093261599701330744e-01
5.466409353494183776e-01
-3.453863195119416529e-02
3.486725875451281986e-01
1.695200138405481283e-01
4.676244097607782368e-01
3.160214721518634917e-01
4.858040918892082560e-01
3.681919351040289778e-01
5.445453764789500717e-01
2.753234116952780197e-01
3.751460966702169220e-02
2.815384212799247332e-01
3.356862159630878972e-01
3.641377693651289826e-01
2.509315616103293678e-01
-1.333738014151056028e-01
3.175136846822936842e-01
-4.456776945823058556e-02
1.816463969172225079e-01
-1.211044343093433256e-01
-5.749038952783682710e-01
3.475713897391583540e-01
1.461301771179127074e-01
-2.930449235811930508e-01
-2.713608296337396419e-01
1.415435072955699425e-01
1.900491976574569808e-02
-2.625061458202441189e-01
-6.242179334920955336e-01
-1.010604565896455753e-01
-6.972999825840211496e-01
-1.856949501767500010e-01
6.344678007338616643e-02
-6.443366329965061201e-01
-5.908437264438433090e-01
-5.183015639683296039e-01
-6.896733161089971809e-01
-3.410592669098220231e-01
-4.411499325639973712e-01
-3.998179792704272262e-01
-4.817509413923193318e-01
-3.783765965229454742e-01
-4.943924912739746658e-01
-7.105178932892148858e-01
-9.203926131551759537e-02
-7.034830369786694293e-01
-4.938685100017722318e-01
-1.867160959410393839e-01
-9.288911206672514353e-01
-4.011707841203525082e-01
-4.077109675154095281e-01
-2.653880974553466388e-01
-8.944904046997509406e-01
-4.264208914602559131e-01
-3.824618524273641351e-01
-4.943068032633852749e-01
-7.812978741349985157e-02
-6.865308564019935167e-01
-3.768194543634688642e-01
-7.251250804115123572e-01
-3.395456533233530694e-01
-2.685089257306715882e-01
-3.977469725252495425e-01
-7.045413141264049717e-01
-3.471428028988625680e-01
-3.585495817802416552e-01
-5.061818091023763122e-01
-8.038458791651497126e-01
-6.586643050942720956e-01
-5.311679399010914571e-01
-4.496693232935572437e-01
-9.399525538158307603e-01
-5.577244210080778419e-01
-6.294825004337423202e-01
-1.236510440977695247e+00
-1.032339555485391802e+00
-1.125517056082321776e+00
-1.013418725687608601e+00
-1.455599090173272270e+00
-1.133985889558108084e+00
-1.173658883025643584e+00
-1.661442831086952676e+00
-1.085391748060879458e+00
-1.422641931557213857e+00
-1.306578947233009380e+00
-1.291708690152624461e+00
-1.292991022816369684e+00
-1.049831793723803974e+00
-1.318671518097271012e+00
-1.709115701730602455e+00
-1.693959609718641568e+00
-1.404371816824161012e+00
-1.222789754560897446e+00
-1.468821122020999681e+00
-1.768978537900009584e+00
-1.758149562422022694e+00
-1.335819449024872263e+00
-1.440108511196449781e+00
-1.257819695234969615e+00
-1.328041747433479358e+00
-1.292267536050326848e+00
-1.321620917304614728e+00
-1.529035700497129779e+00
-7.048653856427553599e-01
-6.952803471493343990e-01
-1.094712861018467320e+00
-1.015845658234751703e+00
-9.244313476392590490e-01
-7.528035925339406909e-01
-7.736458142814857109e-01
-8.113572826026316243e-01
-6.343587391097730288e-01
-9.901302961567552963e-01
-5.431750027381256896e-01
-4.769862945591910597e-01
-3.764839840325854836e-01
-3.526943239919299589e-01
-2.900492633043367796e-01
3.952998279298412798e-02
-2.531528140273913707e-01
2.506897987533392991e-01
8.994933475550516422e-02
3.413326552223103771e-01
2.949327754301623861e-01
5.440044589342163395e-01
6.141692039690224147e-01
4.006947795997294892e-01
6.465572864877308090e-01
7.681555461638809312e-01
7.312557436543430933e-01
6.636526373825477609e-01
9.805742759659717978e-01
1.215709457515593339e+00
1.212958763016288355e+00
1.515367040051530445e+00
9.787833713019715720e-01
1.215490557272955741e+00
1.237441993624519121e+00
1.225381679501221788e+00
1.464893573570327900e+00
1.170853438804983604e+00
1.301607231343414162e+00
1.476442478162135918e+00
1.251560187159894921e+00
1.511179172086680067e+00
1.393040708335515410e+00
1.592500637387791240e+00
1.351167791885903080e+00
1.497852078464474879e+00
1.160689933507824456e+00
1.532197623304310197e+00
1.426547468349543379e+00
1.403868578618994833e+00
1.157807847894153364e+00
1.496827272104681805e+00
1.237422916017181684e+00
8.795740322440191994e-01
8.781007817656572012e-01
1.360114008732434154e+00
1.099800655143897465e+00
1.340035734747511587e+00
7.792340363060357156e-01
9.187756849203224663e-01
9.688355019643712929e-01
7.296775775348148807e-01
6.435331746974966016e-01
9.389231983115057245e-01
9.597454328850205663e-01
8.692918773215545514e-01
3.836896686103770659e-01
5.293641796495641705e-01
5.003772724945645400e-01
9.573399807455524879e-01
7.193711462895431286e-01
3.822675456258113336e-01
4.872732447187519966e-01
4.260938851537184879e-01
3.149545290871459402e-01
4.409615601182443334e-01
2.166711732815239932e-01
3.210845989802784128e-01
3.901238481949969028e-01
8.778778891714057453e-01
3.186420494635380796e-01
6.141909248927186482e-01
3.540844874016326749e-01
6.419063069915617037e-01
7.533754949056491457e-01
4.020404959105373099e-01
3.584409223732484828e-01
4.618026231410367610e-01
6.515407492810800782e-01
7.214116958173811822e-01
2.619103706311972646e-01
3.727324634528054736e-01
4.628800112169717540e-01
3.821143875765738995e-01
5.903396945957988251e-01
4.195416670185728725e-01
5.937670242390851172e-01
2.633634258997693545e-01
3.728643523056683895e-01
4.692329241800588524e-01
4.996691730209878446e-01
6.297783701725451211e-01
2.002438991686485148e-01
2.856915379625016849e-01
1.174524219464456731e-02
2.529237186971831086e-01
7.584011089587896493e-01
1.064430517817144539e-01
3.078321853683116394e-01
1.144942124980484477e-01
5.236042776456805159e-01
1.291016860527879340e-01
1.821106758532111680e-01
3.919856708478643981e-01
-3.079900391387050407e-01
1.002491950087992523e-01
-6.872490281442593385e-02
-1.673456005146724546e-01
-4.022912198236059389e-01
-5.973966905465336735e-02
-5.388589849371416829e-01
-9.219835330701069420e-01
-1.977571543565420642e-01
-3.942284876818300532e-01
-7.279193105572073774e-02
-3.753948909189269711e-01
-4.467307303675166485e-02
-3.088483062310527494e-01
-3.832813634520148560e-01
-5.291048374872814319e-01
-1.842065832227494093e-01
-6.835129579775317543e-02
-3.323958393294349500e-01
-3.363602297708236377e-01
-6.801079130057230415e-01
-2.548141980804944362e-01
-2.698032765219438023e-02
-3.938666826169227586e-01
-1.867963728887164776e-01
-2.605193634252762624e-01
-5.252330719460527320e-01
-8.799477961670846282e-01
-1.061180959283192782e-01
-3.610078361283779458e-01
-6.295156028811677018e-01
-4.386432323574457892e-01
-4.175288176202163193e-02
-2.940494461185024777e-01
-2.596832616380323477e-01
-7.277591266952979643e-01
-6.433595286264285340e-01
-4.306016103523248040e-01
-1.737343568005643157e-01
-4.208129464989612822e-01
-5.211655649478661445e-01
-7.438571358919134902e-01
-4.216634411913525726e-01
-1.103497106090687963e+00
-3.873936130221031782e-01
-2.459114690050576701e-01
-6.582343216088361038e-01
-9.861516891902918358e-01
-4.576177479488310884e-01
-8.000482647681081971e-01
-3.510692482863913555e-01
-8.020671773003018590e-01
-5.430315330915778116e-01
-7.701760789836017418e-01
-8.938388593683445071e-01
-4.694080593534465384e-01
-1.120497370307081741e+00
-1.049390737056096645e+00
-9.269798399300065439e-01
-1.114747501118140693e+00
-7.872716096745062675e-01
-1.016120320528084209e+00
-8.956097859488725277e-01
-9.749458507309302080e-01
-6.449802977003091797e-01
-1.187770218413050527e+00
-1.460905425828315174e+00
-1.149953889525890283e+00
-1.380364518158129883e+00
-1.377310364563375966e+00
-1.311308319881516526e+00
-1.435572929511450102e+00
-1.456178182411901778e+00
-1.288766255960196672e+00
-1.186704252304401130e+00
-1.369969767333105937e+00
-1.296162751986173367e+00
-1.643765313294138997e+00
-1.346652200455471071e+00
-1.383702461917280191e+00
-1.074669768466053332e+00
-1.516121212869768753e+00
-1.061246879715720848e+00
-1.344462241124647628e+00
-1.169301105328411028e+00
-9.374565325415933348e-01
-1.159544129372405585e+00
-1.007574788437811453e+00
-1.038932115726518113e+00
-1.213233739175161974e+00
-9.011929639906821610e-01
-1.065876189555952314e+00
-8.853001578238894886e-01
-3.271890524428946456e-01
-2.862513339502469889e-01
-5.208955894789409902e-01
-3.935359007160228462e-01
-8.078430118086294964e-01
-4.505575155197567017e-01
-3.416268570041677277e-01
4.239858649877800145e-01
-3.835465099394386179e-01
